15 0.097500 0.557778 0.040000 0.048889
15 0.036250 0.468889 0.037500 0.048889
15 0.397500 0.464444 0.050000 0.057778
15 0.320000 0.491111 0.035000 0.048889
15 0.211250 0.466667 0.057500 0.071111
15 0.456250 0.655556 0.062500 0.102222
15 0.851250 0.682222 0.157500 0.235556
15 0.597500 0.486667 0.025000 0.057778
15 0.118750 0.386667 0.027500 0.026667
15 0.686250 0.520000 0.042500 0.053333
15 0.648750 0.420000 0.027500 0.031111
15 0.948750 0.762222 0.057500 0.120000
15 0.261250 0.357778 0.022500 0.031111
15 0.011250 0.362222 0.017500 0.031111
15 0.300000 0.400000 0.020000 0.035556
15 0.323750 0.371111 0.017500 0.022222
15 0.357500 0.451111 0.025000 0.031111
