15 0.258750 0.794340 0.192500 0.245283
15 0.108750 0.283019 0.112500 0.098113
15 0.411250 0.356604 0.082500 0.101887
15 0.352500 0.215094 0.045000 0.052830
15 0.626250 0.426415 0.087500 0.113208
15 0.505000 0.264151 0.060000 0.075472
15 0.567500 0.726415 0.190000 0.215094
15 0.792500 0.583019 0.115000 0.124528
15 0.951250 0.166038 0.082500 0.075472
15 0.955000 0.316981 0.075000 0.105660
15 0.402500 0.149057 0.055000 0.049057
16 0.238750 0.132075 0.062500 0.060377
16 0.830000 0.269811 0.080000 0.086792
16 0.725000 0.311321 0.055000 0.079245
