15 0.191250 0.464419 0.037500 0.067416
15 0.025000 0.498127 0.045000 0.067416
15 0.091250 0.466292 0.042500 0.041199
15 0.352500 0.456929 0.045000 0.059925
15 0.291250 0.438202 0.032500 0.044944
15 0.693750 0.342697 0.042500 0.086142
15 0.486250 0.473783 0.047500 0.056180
15 0.871250 0.367041 0.057500 0.067416
15 0.990000 0.387640 0.020000 0.063670
15 0.928750 0.389513 0.047500 0.074906
16 0.256250 0.488764 0.052500 0.063670
16 0.640000 0.449438 0.035000 0.059925
16 0.410000 0.507491 0.040000 0.048689
15 0.615000 0.447566 0.030000 0.048689
