15 0.426250 0.335206 0.027500 0.033708
15 0.373750 0.395131 0.037500 0.048689
15 0.615000 0.400749 0.025000 0.037453
15 0.750000 0.410112 0.035000 0.041199
15 0.702500 0.456929 0.040000 0.029963
15 0.925000 0.481273 0.035000 0.033708
15 0.182500 0.646067 0.095000 0.101124
15 0.077500 0.514981 0.060000 0.048689
15 0.268750 0.597378 0.052500 0.078652
15 0.348750 0.541199 0.042500 0.056180
15 0.515000 0.488764 0.050000 0.056180
15 0.511250 0.323970 0.017500 0.026217
15 0.118750 0.423221 0.027500 0.029963
15 0.568750 0.498127 0.042500 0.044944
15 0.518750 0.720974 0.102500 0.093633
15 0.791250 0.747191 0.097500 0.101124
15 0.953750 0.556180 0.072500 0.063670
15 0.726250 0.370787 0.032500 0.044944
15 0.676250 0.378277 0.037500 0.029963
15 0.913750 0.327715 0.017500 0.018727
15 0.958750 0.308989 0.017500 0.026217
15 0.388750 0.501873 0.037500 0.067416
16 0.443750 0.578652 0.052500 0.063670
16 0.015000 0.670412 0.025000 0.097378
16 0.300000 0.501873 0.035000 0.052434
16 0.833750 0.543071 0.062500 0.074906
16 0.476250 0.350187 0.032500 0.033708
