16 0.448750 0.468750 0.047500 0.054688
16 0.666250 0.210938 0.042500 0.039062
16 0.845000 0.353516 0.035000 0.042969
15 0.306250 0.785156 0.107500 0.140625
15 0.200000 0.812500 0.060000 0.070312
15 0.068750 0.937500 0.102500 0.125000
15 0.498750 0.644531 0.082500 0.125000
15 0.423750 0.259766 0.047500 0.050781
15 0.318750 0.246094 0.042500 0.054688
15 0.565000 0.384766 0.045000 0.042969
15 0.703750 0.587891 0.097500 0.113281
15 0.400000 0.119141 0.035000 0.042969
15 0.595000 0.166016 0.035000 0.050781
15 0.496250 0.146484 0.037500 0.035156
15 0.760000 0.203125 0.040000 0.039062
