15 0.433750 0.722846 0.127500 0.127341
15 0.108750 0.574906 0.142500 0.153558
15 0.665000 0.846442 0.135000 0.142322
15 0.823750 0.790262 0.097500 0.119850
15 0.476250 0.438202 0.072500 0.052434
15 0.656250 0.479401 0.062500 0.082397
15 0.512500 0.380150 0.035000 0.056180
15 0.563750 0.340824 0.042500 0.059925
15 0.731250 0.447566 0.057500 0.078652
15 0.533750 0.209738 0.042500 0.052434
15 0.738750 0.142322 0.042500 0.044944
15 0.597500 0.234082 0.040000 0.063670
15 0.681250 0.204120 0.042500 0.041199
15 0.535000 0.831461 0.100000 0.089888
