15 0.138750 0.567416 0.047500 0.056180
15 0.446250 0.588015 0.047500 0.052434
15 0.790000 0.632959 0.060000 0.022472
15 0.742500 0.069288 0.045000 0.041199
15 0.821250 0.176030 0.052500 0.052434
15 0.471250 0.423221 0.057500 0.059925
15 0.428750 0.316479 0.047500 0.048689
16 0.167500 0.391386 0.050000 0.048689
16 0.172500 0.234082 0.040000 0.041199
16 0.108750 0.102996 0.042500 0.048689
16 0.478750 0.168539 0.057500 0.052434
16 0.711250 0.440075 0.057500 0.048689
16 0.803750 0.303371 0.042500 0.037453
