15 0.938750 0.277551 0.047500 0.057143
15 0.086250 0.279592 0.042500 0.061224
15 0.167500 0.328571 0.060000 0.053061
15 0.353750 0.310204 0.042500 0.073469
15 0.561250 0.289796 0.042500 0.065306
15 0.455000 0.487755 0.045000 0.061224
15 0.713750 0.369388 0.052500 0.061224
15 0.300000 0.246939 0.025000 0.044898
15 0.478750 0.283673 0.027500 0.044898
15 0.408750 0.291837 0.042500 0.044898
15 0.881250 0.248980 0.042500 0.057143
15 0.615000 0.314286 0.035000 0.048980
15 0.527500 0.279592 0.030000 0.044898
15 0.656250 0.348980 0.042500 0.069388
15 0.761250 0.271429 0.037500 0.061224
15 0.842500 0.259184 0.025000 0.044898
16 0.806250 0.265306 0.042500 0.040816
