15 0.120000 0.627341 0.075000 0.048689
15 0.248750 0.573034 0.062500 0.059925
15 0.378750 0.840824 0.077500 0.078652
15 0.472500 0.481273 0.060000 0.071161
15 0.765000 0.479401 0.080000 0.074906
15 0.531250 0.397004 0.047500 0.059925
15 0.563750 0.267790 0.037500 0.048689
15 0.162500 0.453184 0.035000 0.052434
15 0.355000 0.428839 0.050000 0.041199
15 0.150000 0.368914 0.025000 0.026217
15 0.100000 0.355805 0.020000 0.037453
15 0.150000 0.262172 0.025000 0.029963
15 0.626250 0.365169 0.027500 0.041199
15 0.467500 0.237828 0.030000 0.041199
15 0.313750 0.541199 0.042500 0.048689
15 0.312500 0.264045 0.035000 0.041199
16 0.268750 0.374532 0.032500 0.029963
15 0.073750 0.292135 0.022500 0.029963
