15 0.165000 0.328571 0.050000 0.061224
15 0.081250 0.281633 0.047500 0.065306
15 0.453750 0.489796 0.047500 0.065306
15 0.560000 0.289796 0.045000 0.065306
15 0.355000 0.312245 0.045000 0.061224
15 0.302500 0.244898 0.035000 0.048980
15 0.410000 0.291837 0.045000 0.053061
15 0.481250 0.281633 0.022500 0.048980
15 0.526250 0.283673 0.027500 0.053061
15 0.715000 0.365306 0.050000 0.053061
15 0.938750 0.275510 0.047500 0.044898
15 0.612500 0.312245 0.040000 0.053061
15 0.886250 0.246939 0.052500 0.061224
15 0.765000 0.269388 0.035000 0.065306
16 0.807500 0.267347 0.040000 0.044898
