15 0.053750 0.285441 0.042500 0.065134
15 0.185000 0.258621 0.045000 0.049808
15 0.265000 0.268199 0.035000 0.053640
15 0.408750 0.250958 0.047500 0.057471
15 0.575000 0.362069 0.055000 0.080460
15 0.515000 0.281609 0.050000 0.057471
15 0.455000 0.241379 0.035000 0.045977
15 0.923750 0.469349 0.097500 0.126437
15 0.685000 0.375479 0.055000 0.091954
15 0.801250 0.352490 0.052500 0.076628
15 0.810000 0.189655 0.045000 0.057471
15 0.526250 0.180077 0.037500 0.038314
16 0.673750 0.220307 0.052500 0.072797
