16 0.141250 0.882222 0.112500 0.137778
16 0.267500 0.444444 0.075000 0.115556
16 0.360000 0.377778 0.060000 0.097778
16 0.587500 0.293333 0.065000 0.097778
15 0.592500 0.682222 0.150000 0.217778
15 0.343750 0.711111 0.132500 0.160000
15 0.825000 0.804444 0.130000 0.231111
15 0.493750 0.453333 0.047500 0.088889
15 0.141250 0.408889 0.112500 0.124444
15 0.750000 0.584444 0.095000 0.155556
15 0.851250 0.302222 0.062500 0.088889
15 0.270000 0.206667 0.045000 0.084444
16 0.216250 0.204444 0.057500 0.088889
15 0.791250 0.217778 0.052500 0.080000
