15 0.258750 0.295880 0.047500 0.052434
15 0.077500 0.249064 0.045000 0.063670
15 0.187500 0.125468 0.030000 0.041199
15 0.416250 0.159176 0.037500 0.048689
15 0.517500 0.370787 0.050000 0.067416
15 0.617500 0.282772 0.050000 0.048689
15 0.518750 0.097378 0.037500 0.037453
15 0.666250 0.138577 0.032500 0.037453
15 0.370000 0.093633 0.030000 0.037453
15 0.952500 0.104869 0.035000 0.037453
15 0.750000 0.067416 0.035000 0.029963
15 0.452500 0.091760 0.030000 0.033708
15 0.598750 0.048689 0.027500 0.029963
16 0.878750 0.071161 0.027500 0.037453
16 0.696250 0.084270 0.027500 0.026217
16 0.592500 0.112360 0.020000 0.029963
