15 0.093750 0.530000 0.062500 0.073333
15 0.343750 0.553333 0.077500 0.060000
15 0.150000 0.641667 0.075000 0.056667
15 0.872500 0.318333 0.055000 0.096667
15 0.427500 0.546667 0.070000 0.066667
15 0.893750 0.173333 0.067500 0.080000
16 0.383750 0.231667 0.047500 0.050000
16 0.265000 0.393333 0.045000 0.040000
16 0.537500 0.218333 0.035000 0.043333
16 0.301250 0.178333 0.052500 0.050000
16 0.067500 0.403333 0.030000 0.046667
16 0.031250 0.221667 0.047500 0.050000
16 0.138750 0.248333 0.032500 0.050000
16 0.077500 0.201667 0.050000 0.043333
16 0.150000 0.038333 0.040000 0.036667
16 0.287500 0.058333 0.035000 0.036667
16 0.685000 0.145000 0.070000 0.063333
16 0.756250 0.168333 0.032500 0.050000
16 0.353750 0.213333 0.047500 0.053333
16 0.497500 0.220000 0.040000 0.053333
16 0.127500 0.186667 0.030000 0.040000
16 0.271250 0.983333 0.057500 0.033333
15 0.596250 0.275000 0.052500 0.076667
