15 0.117500 0.616505 0.080000 0.116505
15 0.208750 0.546117 0.087500 0.131068
15 0.325000 0.631068 0.090000 0.126214
15 0.066250 0.303398 0.062500 0.101942
15 0.347500 0.264563 0.055000 0.111650
15 0.637500 0.618932 0.065000 0.131068
15 0.423750 0.922330 0.107500 0.155340
15 0.268750 0.949029 0.102500 0.101942
15 0.808750 0.713592 0.092500 0.135922
15 0.422500 0.383495 0.095000 0.126214
15 0.535000 0.410194 0.085000 0.101942
15 0.603750 0.356796 0.062500 0.101942
15 0.758750 0.432039 0.057500 0.126214
15 0.847500 0.390777 0.070000 0.092233
15 0.958750 0.473301 0.082500 0.121359
15 0.926250 0.233010 0.062500 0.097087
15 0.663750 0.140777 0.047500 0.077670
15 0.132500 0.145631 0.055000 0.097087
