16 0.046250 0.589796 0.037500 0.053061
16 0.150000 0.697959 0.040000 0.040816
16 0.131250 0.924490 0.042500 0.053061
16 0.166250 0.546939 0.042500 0.048980
16 0.058750 0.448980 0.042500 0.040816
16 0.212500 0.275510 0.040000 0.036735
16 0.163750 0.446939 0.027500 0.028571
16 0.065000 0.295918 0.035000 0.036735
16 0.203750 0.402041 0.027500 0.036735
16 0.207500 0.142857 0.035000 0.040816
16 0.120000 0.134694 0.035000 0.057143
16 0.493750 0.948980 0.037500 0.053061
16 0.470000 0.669388 0.025000 0.032653
16 0.432500 0.595918 0.035000 0.040816
16 0.552500 0.502041 0.040000 0.040816
16 0.772500 0.814286 0.040000 0.044898
16 0.598750 0.736735 0.042500 0.044898
16 0.563750 0.402041 0.037500 0.036735
16 0.231250 0.077551 0.027500 0.032653
16 0.563750 0.681633 0.032500 0.040816
16 0.652500 0.563265 0.030000 0.040816
16 0.735000 0.679592 0.050000 0.044898
16 0.743750 0.544898 0.037500 0.044898
16 0.547500 0.240816 0.030000 0.032653
16 0.456250 0.157143 0.027500 0.028571
16 0.457500 0.414286 0.030000 0.036735
16 0.728750 0.432653 0.037500 0.048980
16 0.640000 0.957143 0.045000 0.044898
16 0.645000 0.728571 0.035000 0.044898
16 0.638750 0.359184 0.032500 0.040816
16 0.618750 0.163265 0.037500 0.040816
16 0.587500 0.265306 0.030000 0.040816
16 0.098750 0.255102 0.027500 0.036735
16 0.462500 0.218367 0.030000 0.044898
15 0.518750 0.110204 0.022500 0.040816
15 0.472500 0.120408 0.025000 0.036735
15 0.523750 0.455102 0.027500 0.044898
15 0.440000 0.314286 0.040000 0.040816
16 0.705000 0.289796 0.035000 0.032653
16 0.581250 0.116327 0.027500 0.028571
16 0.720000 0.185714 0.025000 0.028571
