0 0.116250 0.583333 0.052500 0.060000
0 0.012500 0.555000 0.020000 0.056667
0 0.023750 0.400000 0.042500 0.046667
0 0.131250 0.400000 0.057500 0.046667
0 0.265000 0.443333 0.030000 0.040000
0 0.348750 0.430000 0.052500 0.040000
0 0.178750 0.211667 0.032500 0.043333
0 0.088750 0.211667 0.047500 0.050000
0 0.027500 0.206667 0.050000 0.053333
0 0.190000 0.588333 0.050000 0.063333
0 0.092500 0.843333 0.060000 0.066667
0 0.230000 0.603333 0.030000 0.053333
0 0.411250 0.658333 0.062500 0.043333
0 0.225000 0.840000 0.070000 0.066667
0 0.327500 0.868333 0.070000 0.063333
0 0.507500 0.918333 0.055000 0.063333
0 0.545000 0.686667 0.055000 0.053333
0 0.296250 0.240000 0.032500 0.040000
0 0.022500 0.110000 0.030000 0.040000
0 0.115000 0.111667 0.030000 0.043333
0 0.208750 0.151667 0.032500 0.036667
0 0.296250 0.041667 0.042500 0.043333
0 0.333750 0.156667 0.027500 0.040000
0 0.370000 0.258333 0.035000 0.123333
0 0.380000 0.055000 0.035000 0.043333
0 0.488750 0.273333 0.027500 0.053333
0 0.538750 0.265000 0.047500 0.056667
0 0.486250 0.131667 0.022500 0.043333
0 0.518750 0.065000 0.032500 0.036667
0 0.450000 0.070000 0.040000 0.026667
0 0.465000 0.491667 0.055000 0.050000
0 0.570000 0.501667 0.055000 0.036667
0 0.647500 0.316667 0.050000 0.033333
0 0.665000 0.671667 0.060000 0.063333
0 0.798750 0.780000 0.067500 0.066667
0 0.850000 0.521667 0.045000 0.056667
0 0.817500 0.328333 0.025000 0.050000
0 0.722500 0.315000 0.045000 0.043333
0 0.570000 0.165000 0.040000 0.043333
0 0.701250 0.188333 0.032500 0.043333
0 0.788750 0.171667 0.032500 0.043333
0 0.901250 0.206667 0.032500 0.046667
0 0.642500 0.070000 0.030000 0.040000
0 0.595000 0.021667 0.030000 0.036667
0 0.742500 0.078333 0.035000 0.036667
0 0.817500 0.075000 0.030000 0.036667
0 0.983750 0.578333 0.027500 0.043333
0 0.953750 0.845000 0.047500 0.056667
0 0.966250 0.363333 0.047500 0.046667
0 0.983750 0.221667 0.032500 0.050000
0 0.725000 0.516667 0.040000 0.053333
