0 0.172500 0.610487 0.050000 0.052434
0 0.098750 0.492509 0.042500 0.048689
0 0.038750 0.372659 0.037500 0.041199
0 0.245000 0.320225 0.035000 0.033708
0 0.068750 0.213483 0.037500 0.044944
0 0.326250 0.511236 0.047500 0.048689
0 0.715000 0.803371 0.045000 0.048689
0 0.798750 0.558052 0.032500 0.044944
0 0.546250 0.500000 0.042500 0.048689
0 0.438750 0.573034 0.052500 0.052434
0 0.770000 0.391386 0.035000 0.041199
0 0.150000 0.179775 0.035000 0.037453
0 0.072500 0.080524 0.035000 0.041199
0 0.153750 0.065543 0.037500 0.033708
0 0.286250 0.174157 0.037500 0.048689
0 0.347500 0.370787 0.035000 0.029963
0 0.838750 0.119850 0.027500 0.037453
0 0.898750 0.505618 0.032500 0.044944
0 0.168750 0.524345 0.037500 0.037453
0 0.107500 0.419476 0.035000 0.029963
0 0.952500 0.749064 0.040000 0.037453
0 0.917500 0.694757 0.025000 0.041199
0 0.633750 0.264045 0.037500 0.048689
0 0.255000 0.882022 0.035000 0.041199
0 0.381250 0.831461 0.047500 0.052434
0 0.123750 0.807116 0.052500 0.048689
0 0.150000 0.934457 0.055000 0.056180
0 0.081250 0.305243 0.037500 0.033708
0 0.562500 0.213483 0.040000 0.044944
0 0.310000 0.093633 0.035000 0.037453
0 0.525000 0.162921 0.030000 0.041199
0 0.498750 0.114232 0.032500 0.033708
0 0.430000 0.039326 0.030000 0.041199
0 0.596250 0.411985 0.032500 0.044944
0 0.956250 0.357678 0.037500 0.026217
0 0.657500 0.202247 0.025000 0.037453
0 0.587500 0.119850 0.030000 0.029963
0 0.782500 0.050562 0.030000 0.033708
0 0.815000 0.033708 0.030000 0.037453
1 0.926250 0.073034 0.027500 0.033708
