0 0.071250 0.467626 0.022500 0.021583
0 0.017500 0.487410 0.020000 0.025180
0 0.261250 0.620504 0.022500 0.025180
0 0.073750 0.710432 0.027500 0.025180
0 0.127500 0.377698 0.025000 0.028777
0 0.131250 0.482014 0.027500 0.021583
0 0.087500 0.205036 0.020000 0.021583
0 0.126250 0.053957 0.017500 0.014388
0 0.245000 0.242806 0.015000 0.025180
0 0.290000 0.570144 0.030000 0.025180
0 0.263750 0.408273 0.022500 0.025180
0 0.250000 0.958633 0.040000 0.039568
0 0.325000 0.784173 0.030000 0.035971
0 0.372500 0.631295 0.030000 0.032374
0 0.468750 0.595324 0.032500 0.032374
0 0.431250 0.438849 0.027500 0.028777
0 0.356250 0.469424 0.022500 0.032374
0 0.342500 0.374101 0.020000 0.021583
0 0.366250 0.298561 0.022500 0.028777
0 0.260000 0.147482 0.015000 0.014388
0 0.300000 0.125899 0.020000 0.021583
0 0.316250 0.097122 0.012500 0.021583
0 0.351250 0.062950 0.012500 0.025180
0 0.365000 0.026978 0.020000 0.025180
0 0.398750 0.205036 0.017500 0.021583
0 0.430000 0.107914 0.015000 0.028777
0 0.417500 0.062950 0.015000 0.025180
0 0.391250 0.077338 0.017500 0.025180
0 0.416250 0.377698 0.022500 0.028777
0 0.451250 0.332734 0.027500 0.025180
0 0.380000 0.705036 0.035000 0.028777
0 0.412500 0.717626 0.035000 0.032374
0 0.461250 0.794964 0.012500 0.021583
0 0.412500 0.944245 0.040000 0.032374
0 0.452500 0.553957 0.020000 0.021583
0 0.596250 0.528777 0.032500 0.021583
0 0.605000 0.769784 0.025000 0.028777
0 0.548750 0.877698 0.032500 0.043165
0 0.647500 0.834532 0.030000 0.035971
0 0.701250 0.564748 0.027500 0.035971
0 0.758750 0.928058 0.032500 0.043165
0 0.906250 0.814748 0.037500 0.039568
0 0.485000 0.370504 0.025000 0.028777
0 0.537500 0.384892 0.025000 0.028777
0 0.716250 0.471223 0.027500 0.035971
0 0.667500 0.388489 0.025000 0.021583
0 0.943750 0.793165 0.032500 0.039568
0 0.946250 0.613309 0.027500 0.032374
0 0.945000 0.541367 0.025000 0.032374
0 0.506250 0.242806 0.017500 0.025180
0 0.560000 0.305755 0.020000 0.021583
0 0.730000 0.410072 0.030000 0.035971
0 0.538750 0.111511 0.017500 0.014388
0 0.495000 0.143885 0.015000 0.021583
0 0.327500 0.215827 0.020000 0.028777
0 0.916250 0.440647 0.022500 0.025180
0 0.900000 0.989209 0.030000 0.021583
0 0.818750 0.311151 0.022500 0.032374
0 0.775000 0.246403 0.025000 0.025180
0 0.622500 0.196043 0.020000 0.017986
0 0.496250 0.460432 0.022500 0.021583
0 0.605000 0.402878 0.030000 0.035971
0 0.882500 0.381295 0.025000 0.021583
0 0.927500 0.329137 0.020000 0.025180
0 0.850000 0.285971 0.020000 0.025180
0 0.868750 0.170863 0.022500 0.025180
0 0.827500 0.174460 0.020000 0.025180
0 0.572500 0.064748 0.015000 0.021583
0 0.893750 0.077338 0.022500 0.017986
0 0.962500 0.185252 0.015000 0.025180
0 0.836250 0.097122 0.017500 0.028777
0 0.736250 0.113309 0.017500 0.025180
0 0.475000 0.075540 0.020000 0.021583
0 0.667500 0.077338 0.020000 0.025180
0 0.557500 0.354317 0.020000 0.025180
0 0.710000 0.208633 0.020000 0.021583
0 0.982500 0.111511 0.020000 0.021583
0 0.542500 0.037770 0.015000 0.017986
1 0.161250 0.640288 0.027500 0.028777
1 0.113750 0.579137 0.027500 0.028777
1 0.138750 0.296763 0.022500 0.025180
1 0.265000 0.300360 0.025000 0.025180
1 0.301250 0.269784 0.017500 0.021583
1 0.211250 0.255396 0.017500 0.021583
1 0.288750 0.458633 0.022500 0.025180
0 0.635000 0.302158 0.020000 0.028777
