15 0.201250 0.423333 0.042500 0.033333
15 0.073750 0.443333 0.022500 0.020000
15 0.286250 0.418333 0.032500 0.023333
15 0.542500 0.431667 0.035000 0.036667
15 0.787500 0.490000 0.030000 0.033333
16 0.367500 0.420000 0.035000 0.033333
16 0.467500 0.428333 0.030000 0.030000
16 0.438750 0.401667 0.022500 0.023333
16 0.613750 0.440000 0.037500 0.026667
16 0.717500 0.453333 0.035000 0.033333
16 0.657500 0.415000 0.035000 0.030000
16 0.876250 0.500000 0.042500 0.026667
16 0.841250 0.463333 0.022500 0.020000
