1 0.141250 0.882222 0.112500 0.137778
1 0.267500 0.444444 0.075000 0.115556
1 0.360000 0.377778 0.060000 0.097778
1 0.587500 0.293333 0.065000 0.097778
0 0.592500 0.682222 0.150000 0.217778
0 0.343750 0.711111 0.132500 0.160000
0 0.825000 0.804444 0.130000 0.231111
0 0.493750 0.453333 0.047500 0.088889
0 0.141250 0.408889 0.112500 0.124444
0 0.750000 0.584444 0.095000 0.155556
0 0.851250 0.302222 0.062500 0.088889
0 0.270000 0.206667 0.045000 0.084444
1 0.216250 0.204444 0.057500 0.088889
0 0.791250 0.217778 0.052500 0.080000
