15 0.167969 0.426471 0.136719 0.158824
15 0.070312 0.247059 0.066406 0.123529
15 0.405273 0.376471 0.076172 0.070588
15 0.533203 0.285294 0.121094 0.117647
15 0.438477 0.232353 0.052734 0.052941
15 0.459961 0.301471 0.044922 0.067647
15 0.888672 0.477941 0.105469 0.097059
15 0.813477 0.289706 0.076172 0.085294
15 0.678711 0.275000 0.072266 0.079412
15 0.889648 0.245588 0.052734 0.055882
15 0.859375 0.130882 0.046875 0.061765
16 0.646484 0.136765 0.054688 0.055882
16 0.741211 0.219118 0.044922 0.055882
