15 0.116250 0.786667 0.072500 0.071111
15 0.191250 0.431111 0.082500 0.106667
15 0.060000 0.153333 0.070000 0.093333
15 0.173750 0.180000 0.077500 0.093333
15 0.522500 0.633333 0.085000 0.137778
15 0.405000 0.833333 0.065000 0.102222
15 0.310000 0.477778 0.080000 0.111111
15 0.738750 0.797778 0.087500 0.120000
15 0.535000 0.924444 0.090000 0.124444
15 0.948750 0.731111 0.097500 0.120000
15 0.843750 0.346667 0.092500 0.133333
15 0.840000 0.642222 0.095000 0.128889
15 0.595000 0.577778 0.065000 0.071111
15 0.968750 0.202222 0.062500 0.102222
15 0.967500 0.435556 0.065000 0.115556
15 0.271250 0.044444 0.047500 0.080000
15 0.780000 0.026667 0.085000 0.044444
