0 0.116250 0.588015 0.102500 0.112360
0 0.313750 0.490637 0.082500 0.082397
0 0.212500 0.842697 0.135000 0.134831
0 0.621250 0.402622 0.082500 0.093633
0 0.482500 0.522472 0.075000 0.093633
0 0.763750 0.617978 0.102500 0.112360
0 0.241250 0.490637 0.047500 0.067416
0 0.307500 0.357678 0.065000 0.056180
0 0.420000 0.387640 0.050000 0.063670
0 0.065000 0.303371 0.040000 0.052434
0 0.382500 0.357678 0.030000 0.033708
0 0.776250 0.359551 0.062500 0.067416
0 0.866250 0.910112 0.152500 0.127341
0 0.683750 0.421348 0.027500 0.041199
0 0.710000 0.507491 0.045000 0.063670
0 0.888750 0.382022 0.037500 0.044944
0 0.956250 0.734082 0.087500 0.164794
0 0.955000 0.466292 0.060000 0.048689
0 0.961250 0.361423 0.047500 0.041199
0 0.920000 0.344569 0.025000 0.037453
