15 0.210000 0.897004 0.150000 0.161049
15 0.686250 0.445693 0.097500 0.104869
16 0.233750 0.140449 0.072500 0.071161
16 0.066250 0.507491 0.082500 0.078652
16 0.380000 0.692884 0.135000 0.104869
16 0.637500 0.129213 0.080000 0.078652
16 0.873750 0.162921 0.062500 0.078652
16 0.646250 0.683521 0.092500 0.093633
15 0.503750 0.365169 0.117500 0.101124
16 0.101250 0.149813 0.082500 0.082397
16 0.568750 0.273408 0.082500 0.067416
15 0.153750 0.112360 0.062500 0.082397
16 0.446250 0.161049 0.062500 0.044944
15 0.831250 0.518727 0.112500 0.101124
15 0.786250 0.822097 0.052500 0.093633
