0 0.086250 0.335556 0.042500 0.075556
0 0.171250 0.386667 0.052500 0.080000
0 0.355000 0.364444 0.045000 0.080000
0 0.453750 0.577778 0.047500 0.071111
0 0.560000 0.340000 0.045000 0.075556
0 0.410000 0.344444 0.045000 0.057778
0 0.301250 0.286667 0.032500 0.040000
0 0.717500 0.433333 0.050000 0.075556
0 0.766250 0.320000 0.032500 0.062222
0 0.523750 0.326667 0.027500 0.048889
0 0.482500 0.333333 0.030000 0.062222
0 0.885000 0.295556 0.040000 0.066667
0 0.940000 0.322222 0.050000 0.066667
0 0.613750 0.368889 0.037500 0.053333
0 0.650000 0.406667 0.045000 0.075556
0 0.366250 0.284444 0.027500 0.044444
1 0.807500 0.315556 0.035000 0.044444
