15 0.037500 0.880000 0.070000 0.106667
15 0.135000 0.773333 0.080000 0.088889
15 0.283750 0.406667 0.077500 0.102222
15 0.506250 0.320000 0.057500 0.080000
15 0.268750 0.122222 0.072500 0.102222
15 0.091250 0.217778 0.062500 0.062222
15 0.651250 0.395556 0.062500 0.071111
15 0.181250 0.680000 0.042500 0.071111
15 0.381250 0.942222 0.072500 0.088889
15 0.568750 0.800000 0.067500 0.088889
15 0.513750 0.713333 0.047500 0.075556
15 0.757500 0.124444 0.070000 0.088889
15 0.663750 0.124444 0.052500 0.071111
15 0.900000 0.211111 0.080000 0.075556
15 0.941250 0.586667 0.072500 0.088889
15 0.831250 0.040000 0.057500 0.071111
16 0.116250 0.377778 0.077500 0.071111
