0 0.400000 0.266667 0.070000 0.080000
0 0.546250 0.415556 0.057500 0.066667
0 0.052500 0.131111 0.045000 0.048889
0 0.160000 0.100000 0.040000 0.057778
0 0.730000 0.180000 0.065000 0.066667
0 0.516250 0.264444 0.057500 0.066667
0 0.645000 0.164444 0.060000 0.071111
0 0.282500 0.917778 0.105000 0.164444
0 0.846250 0.213333 0.047500 0.053333
0 0.203750 0.062222 0.032500 0.044444
0 0.270000 0.044444 0.025000 0.044444
0 0.528750 0.057778 0.017500 0.053333
0 0.412500 0.097778 0.045000 0.053333
0 0.788750 0.053333 0.037500 0.053333
1 0.232500 0.137778 0.035000 0.053333
