15 0.723750 0.342222 0.037500 0.053333
15 0.112500 0.304444 0.045000 0.066667
15 0.042500 0.320000 0.030000 0.053333
15 0.307500 0.451111 0.045000 0.057778
15 0.418750 0.424444 0.037500 0.048889
15 0.348750 0.382222 0.042500 0.053333
15 0.572500 0.391111 0.030000 0.053333
15 0.641250 0.406667 0.027500 0.040000
16 0.223750 0.355556 0.042500 0.053333
16 0.311250 0.362222 0.032500 0.031111
16 0.395000 0.386667 0.030000 0.044444
16 0.531250 0.400000 0.032500 0.044444
15 0.261250 0.640000 0.027500 0.035556
15 0.468750 0.424444 0.032500 0.031111
