15 0.086250 0.495556 0.047500 0.102222
15 0.510000 0.528889 0.085000 0.106667
15 0.672500 0.477778 0.045000 0.057778
15 0.738750 0.460000 0.047500 0.075556
15 0.891250 0.371111 0.042500 0.075556
15 0.930000 0.324444 0.025000 0.035556
15 0.396250 0.384444 0.042500 0.066667
16 0.787500 0.502222 0.055000 0.071111
16 0.957500 0.411111 0.055000 0.075556
16 0.581250 0.302222 0.052500 0.062222
16 0.502500 0.324444 0.045000 0.053333
16 0.703750 0.357778 0.042500 0.057778
16 0.186250 0.373333 0.032500 0.035556
16 0.445000 0.406667 0.055000 0.066667
16 0.815000 0.355556 0.030000 0.044444
15 0.335000 0.517778 0.065000 0.084444
15 0.277500 0.448889 0.030000 0.062222
