     0/299     1.16G   0.08043   0.02003   0.01812    0.1186        39       640  0.007385   0.09522  0.001587 0.0002298    0.1077   0.03018   0.01695
     1/299      6.7G   0.07411   0.01904   0.01388     0.107        17       640   0.01953    0.1733    0.0104  0.001788   0.09777   0.03138   0.01351
     2/299     8.77G   0.06823   0.01728   0.01081   0.09632        12       640    0.1592    0.1459   0.09256   0.02067   0.09223   0.03075   0.01114
     3/299     8.77G   0.06356   0.01725  0.009247   0.09006       123       640    0.7059    0.2216    0.2006   0.06131   0.08566   0.02956   0.01055
     4/299     8.77G   0.06094   0.01484  0.008079   0.08385        61       640    0.8242    0.3054    0.3109   0.08167   0.08425   0.02637   0.01038
     5/299     8.77G   0.05885   0.01313   0.00702     0.079        34       640    0.7933    0.2676    0.2813   0.06608   0.08784   0.02477  0.009782
     6/299     8.77G    0.0585   0.01272  0.006784     0.078        33       640    0.8813    0.3243    0.4074    0.1323   0.08441   0.02438  0.009558
     7/299     8.77G   0.05401   0.01235  0.006146    0.0725        28       640    0.8769    0.3243    0.4451     0.155     0.084   0.02296   0.00926
     8/299     8.77G    0.0526   0.01094  0.005307   0.06884        29       640    0.6342    0.5589    0.5298    0.1972   0.08537     0.024  0.008423
     9/299     8.77G   0.05645   0.01121  0.005217   0.07288        31       640    0.5895    0.4728     0.515    0.1505   0.07984   0.02505    0.0081
    10/299     8.77G   0.05535    0.0109  0.004589   0.07084        17       640    0.8607    0.5443    0.7325    0.2462   0.07794   0.02517  0.007729
    11/299     8.77G   0.05081    0.0108  0.003407   0.06502        39       640    0.5966    0.7729    0.6386    0.2344   0.07096   0.02459  0.007237
    12/299     8.77G   0.05003   0.01089   0.00281   0.06373        17       640    0.7229    0.6752    0.6785    0.2153   0.07343   0.02432  0.006973
    13/299     8.77G   0.05084  0.009653  0.002452   0.06295        30       640    0.8364    0.6919     0.766    0.2682   0.07853   0.02296  0.007134
    14/299     8.77G   0.04818  0.009825  0.002166   0.06017        35       640    0.7739    0.5858    0.6979    0.2936    0.0859   0.02214  0.006446
    15/299     8.77G   0.05212  0.008965  0.001773   0.06286        11       640    0.7594    0.7705    0.8254    0.3179   0.07484   0.02333  0.006626
    16/299     8.77G   0.04869  0.009943  0.002202   0.06083        13       640    0.7751    0.6867    0.7132    0.2513   0.07711   0.02342  0.006589
    17/299     8.77G   0.04834  0.009775  0.001529   0.05964        54       640    0.9204    0.8309    0.8937    0.3911   0.07127   0.02307  0.006525
    18/299     8.78G   0.04801  0.009739  0.001494   0.05924        14       640    0.9236    0.8307    0.8893     0.391   0.07076   0.02187  0.006602
    19/299     8.78G   0.04373  0.008733  0.001302   0.05377        20       640    0.8209    0.7816    0.8318    0.3061   0.07371   0.02032  0.006512
    20/299     8.78G   0.04769  0.008611  0.001315   0.05761        44       640    0.8645    0.7404      0.84    0.3791   0.08316   0.01836   0.00646
    21/299     8.78G   0.04858  0.007579  0.001323   0.05748        20       640    0.9258    0.8116    0.8633    0.3766   0.07832   0.01964  0.006426
    22/299     8.78G   0.04489  0.007744  0.001135   0.05377        18       640    0.8156    0.8852    0.8891    0.4051   0.07691   0.01917  0.006048
    23/299     8.78G   0.04015  0.007877  0.001006   0.04903        22       640     0.903     0.847    0.9028    0.4402   0.07527   0.01885  0.005895
    24/299     8.78G   0.04149  0.007991 0.0007057   0.05018        23       640    0.8833    0.8467    0.8831    0.4154   0.07712   0.01952  0.005726
    25/299     8.78G   0.04031  0.007066 0.0007957   0.04818        16       640    0.9542    0.8523    0.9072    0.3835   0.07683   0.02037  0.005664
    26/299     8.78G   0.03926   0.00734 0.0005917   0.04719        20       640    0.8961    0.8936     0.925    0.4473   0.07419   0.01951  0.005541
    27/299     8.78G    0.0393  0.007725 0.0005318   0.04755        79       640    0.9161    0.8959    0.9152    0.4854   0.07654   0.01851  0.005392
    28/299     8.78G   0.03436   0.00735 0.0006981   0.04241        18       640    0.9012    0.8883    0.8971    0.4404   0.07349   0.01901  0.005235
    29/299     8.78G   0.03817  0.006977 0.0005293   0.04568        30       640    0.9515    0.8517    0.9243    0.4568   0.07607   0.01834  0.005206
    30/299     8.78G   0.03453  0.007371 0.0005854   0.04249        31       640    0.9301    0.8414    0.9265    0.4815   0.07165   0.01845  0.005365
    31/299     8.78G    0.0334  0.007094 0.0006655   0.04115        19       640    0.8857    0.8414    0.8944    0.4387   0.07312    0.0187  0.005245
    32/299     8.78G   0.03485  0.007233 0.0006242   0.04271         9       640    0.8782    0.9043     0.894    0.4046   0.07185   0.01888  0.005219
    33/299     8.78G   0.03271  0.006965 0.0005687   0.04024        21       640    0.9377     0.836    0.9119    0.4654   0.06845   0.01874  0.005218
    34/299     8.78G   0.03317  0.007581 0.0006611   0.04141        28       640    0.9104    0.8468    0.8873    0.4284   0.06841   0.01945  0.005267
    35/299     8.78G   0.03422  0.008163 0.0005498   0.04293        45       640    0.9642    0.8113    0.8817    0.4217   0.07283   0.01922  0.005267
    36/299     8.78G    0.0334  0.007799 0.0004872   0.04169        15       640    0.9369     0.836     0.912     0.461   0.06971   0.01989  0.005103
    37/299     8.78G   0.03306  0.007802 0.0005147   0.04137        27       640    0.8981    0.8687    0.8976    0.4514   0.06953   0.02073  0.005048
    38/299     8.78G   0.03225  0.007864 0.0004696   0.04059        33       640    0.8969    0.8629    0.8885    0.4696   0.06724   0.02067   0.00502
    39/299     8.78G   0.03169  0.008071 0.0005811   0.04034        24       640    0.9306    0.8552    0.9041    0.4618    0.0679   0.02098  0.004841
    40/299     8.78G   0.03168  0.007136 0.0004123   0.03922        15       640    0.9093    0.9032    0.8905    0.4495   0.06593    0.0215  0.004633
    41/299     8.78G   0.03259  0.007186 0.0004021   0.04018        22       640    0.9177    0.8848    0.9305    0.4655   0.06248   0.02305  0.004655
    42/299     8.78G   0.03148   0.00776 0.0004134   0.03965        17       640    0.9039    0.9006    0.9332    0.4848   0.06362   0.02292  0.004556
    43/299     8.78G   0.03199  0.007273 0.0005116   0.03977        15       640    0.8972    0.9044    0.9174    0.4865   0.06418   0.02347  0.004586
    44/299     8.78G   0.02844  0.007338 0.0003238    0.0361        19       640    0.8612    0.9096    0.9005    0.4429   0.06199    0.0238  0.004676
    45/299     8.78G   0.03047   0.00695 0.0004806    0.0379        23       640    0.9002    0.8084    0.8973     0.449   0.05975   0.02308  0.004611
    46/299     8.78G   0.02995  0.007598 0.0003178   0.03786       120       640    0.9297    0.8714    0.8945    0.4713   0.05957   0.02359  0.004437
    47/299     8.78G   0.02841  0.006934 0.0003388   0.03568        15       640    0.8556    0.8714    0.8863    0.4784   0.05991   0.02359  0.004496
    48/299     8.78G   0.03081  0.007351 0.0004183   0.03858        21       640    0.8895    0.8029      0.86    0.4415    0.0634   0.02336  0.004534
    49/299     8.78G   0.03261   0.00749 0.0003453   0.04044        20       640    0.9198    0.8302    0.8896      0.48   0.06194     0.024  0.004619
    50/299     8.78G   0.03126  0.007436 0.0004386   0.03913        29       640    0.8963    0.8431    0.8921     0.473   0.06073   0.02399  0.004673
    51/299     8.78G   0.02974   0.00714  0.000314   0.03719        44       640    0.8232    0.8741    0.8693    0.4516    0.0616   0.02396  0.004486
    52/299     8.78G   0.02976  0.007095 0.0004736   0.03733        46       640    0.8312    0.9361    0.8985    0.4503   0.05977   0.02375  0.004404
    53/299     8.78G   0.02678  0.006949 0.0002611   0.03399         9       640    0.8863     0.838    0.8795    0.4704   0.05867   0.02364  0.004394
    54/299     8.78G   0.02768   0.00726 0.0002733   0.03521        25       640    0.8887    0.9345    0.9124    0.4653     0.058    0.0236  0.004336
    55/299     8.78G   0.02783  0.007208 0.0002878   0.03533        26       640    0.8845    0.9072    0.9094    0.4875    0.0583   0.02401  0.004364
    56/299     8.78G   0.02882  0.006878 0.0002609   0.03596        40       640    0.9108    0.8771    0.9192    0.4896   0.05848   0.02455  0.004425
    57/299     8.78G   0.02913  0.007578 0.0003012   0.03701        35       640    0.8463    0.9098    0.9087    0.4572   0.05816   0.02505  0.004502
    58/299     8.78G   0.02851  0.006655 0.0002561   0.03542        19       640    0.9657    0.8194    0.9221    0.4513   0.06018   0.02457  0.004347
    59/299     8.78G   0.02808  0.006875 0.0002742   0.03523        21       640    0.9228    0.8824    0.9212    0.4718   0.05751   0.02475  0.004192
    60/299     8.78G   0.02624   0.00679  0.000286   0.03332        14       640    0.9269    0.8714     0.916    0.4651   0.05657   0.02479  0.004256
    61/299     8.78G   0.02697  0.007572 0.0002681   0.03481        79       640    0.9524     0.872    0.9217    0.4735   0.05795   0.02475  0.004136
    62/299     8.78G   0.02574  0.007011 0.0002812   0.03303        12       640    0.8649     0.889    0.8939    0.4594    0.0581    0.0239  0.003965
    63/299     8.78G   0.02519  0.006648 0.0002303   0.03206        47       640    0.9322    0.8694    0.9299    0.4779   0.05733   0.02394  0.003937
    64/299     8.78G   0.02646  0.007076 0.0001944   0.03373        29       640    0.8967    0.9126    0.9159    0.4862   0.05956   0.02347  0.004098
    65/299     8.78G   0.02697  0.007119 0.0003164    0.0344        33       640    0.9328     0.877    0.9033    0.4728   0.05651   0.02441  0.004219
    66/299     8.78G   0.02616  0.007009 0.0002475   0.03341        91       640    0.9294    0.8642    0.9032    0.4709   0.05841   0.02423  0.004099
    67/299     8.78G   0.02566  0.006709 0.0002773   0.03264        23       640    0.8857    0.9153    0.9241    0.4816   0.05965   0.02432  0.004051
    68/299     8.78G   0.02514  0.006409 0.0002681   0.03182        12       640    0.8999    0.8714    0.8926    0.4642   0.05637   0.02504  0.003941
    69/299     8.78G    0.0263  0.006472 0.0003191   0.03309        25       640    0.8793    0.8551    0.8783    0.4643   0.06174   0.02456  0.003906
    70/299     8.78G   0.02461  0.006774 0.0002039   0.03159        16       640    0.9262    0.9016    0.9213    0.4703   0.05577   0.02405  0.003887
    71/299     8.78G   0.02373  0.006579  0.000208   0.03052        35       640    0.9159    0.9126    0.9213    0.4949   0.05516   0.02484  0.003956
    72/299     8.78G    0.0243  0.006847 0.0002087   0.03136        16       640    0.8505     0.887    0.8923    0.4783   0.05654   0.02505  0.004037
    73/299     8.78G   0.02379  0.006559 0.0003144   0.03067        31       640    0.9019     0.891    0.9047    0.4599   0.05546   0.02555  0.003733
    74/299     8.78G   0.02219  0.006715 0.0003202   0.02922        11       640    0.9348    0.9009    0.9161    0.4873   0.05568   0.02519  0.003757
    75/299     8.78G    0.0234  0.006584 0.0002958   0.03028        36       640    0.9372    0.8951    0.9235    0.4718   0.05731   0.02475  0.003571
    76/299     8.78G   0.02314  0.006416 0.0002588   0.02982         9       640    0.9374     0.891    0.9121    0.4811   0.05589   0.02573  0.003596
    77/299     8.78G   0.02244  0.006759 0.0002076   0.02941        65       640    0.9326     0.877    0.8883    0.4448   0.05837   0.02566   0.00377
    78/299     8.78G   0.02362  0.006625 0.0002213   0.03046        28       640    0.8779    0.9023    0.9079    0.4798   0.05572   0.02653  0.004257
    79/299     8.78G   0.02385  0.006813 0.0001944   0.03086        20       640    0.9407    0.8552    0.9049    0.4865   0.05634   0.02619   0.00462
    80/299     8.78G   0.02314  0.006703  0.000202   0.03004        16       640    0.9241    0.8771    0.9125    0.4796    0.0563   0.02613  0.004081
    81/299     8.78G    0.0221  0.006639 0.0001659   0.02891        22       640    0.9204    0.8844     0.913    0.4747   0.05574   0.02593  0.004204
    82/299     8.78G   0.02211  0.006139 0.0002891   0.02854        21       640    0.9195    0.8825    0.9076    0.4748   0.05577   0.02643  0.004021
    83/299     8.78G   0.02054   0.00594 0.0001666   0.02665        26       640     0.895    0.9153    0.9135    0.4876   0.05629   0.02555   0.00413
    84/299     8.78G   0.02015  0.005777 0.0001775   0.02611        17       640    0.9828    0.8825    0.9258    0.4872   0.05625   0.02579  0.003771
    85/299     8.78G   0.02061  0.005978 0.0002531   0.02684        20       640    0.9283    0.9072    0.9171     0.481   0.05562   0.02683  0.003922
    86/299     8.78G   0.02112  0.006368 0.0002139    0.0277        23       640    0.9397    0.8538    0.9151    0.4604   0.05776   0.02611  0.003846
    87/299     8.78G   0.02154  0.006456 0.0001481   0.02814        24       640    0.8755    0.9099    0.9082    0.4669   0.05722   0.02668  0.003773
    88/299     8.78G    0.0212  0.006365 0.0001331   0.02769        24       640    0.9502    0.8286    0.8944    0.4855   0.05633    0.0281  0.004047
    89/299     8.78G    0.0203  0.006208 0.0001835   0.02669        23       640     0.919    0.8658    0.8938    0.4842   0.05616   0.02782  0.003873
    90/299     8.78G   0.01971  0.006356 0.0001578   0.02622        26       640    0.8952    0.8991    0.8995    0.4844   0.05619   0.02741  0.003805
    91/299     8.78G   0.01986  0.005804 0.0001787   0.02584        11       640     0.929     0.869    0.9053    0.4842   0.05714   0.02662  0.003674
    92/299     8.78G   0.01967  0.006272 0.0001458   0.02609        34       640     0.943    0.8852     0.908    0.4688     0.057   0.02629  0.003785
    93/299     8.78G   0.01962  0.005615 0.0001218   0.02536        16       640     0.947    0.8636    0.9124     0.473   0.05694   0.02679  0.003804
    94/299     8.78G   0.01874  0.006363 0.0001829   0.02528        18       640    0.9216    0.8933    0.9098    0.4857   0.05541   0.02688  0.003827
    95/299     8.78G   0.01947  0.005603 0.0001716   0.02524        70       640    0.9003    0.9146    0.9111    0.4855   0.05612   0.02763  0.004036
    96/299     8.78G   0.02076   0.00557 0.0002426   0.02657        16       640    0.9222    0.9047    0.9118    0.4767   0.05749     0.028  0.003934
    97/299     8.78G   0.01882  0.005825 0.0001936   0.02484        24       640    0.9273    0.9126    0.9185    0.4701   0.05766   0.02699  0.003816
    98/299     8.78G   0.01823  0.005803 0.0001129   0.02414        19       640    0.9271    0.9153    0.9194    0.4872   0.05708   0.02701  0.003952
    99/299     8.78G   0.01956  0.005719 0.0001909   0.02547        30       640    0.9345    0.8933    0.9178     0.467   0.05842   0.02738  0.004001
   100/299     8.78G    0.0185  0.005751 0.0001947   0.02444        14       640    0.9596    0.8746    0.9162    0.4753   0.05598   0.02821  0.003962
   101/299     8.78G   0.01934  0.006315 0.0001643   0.02582        45       640    0.9441    0.8772    0.9222     0.484   0.05482   0.02889  0.003979
   102/299     8.78G   0.01859   0.00605 0.0001269   0.02477        45       640    0.8835    0.9104     0.915    0.4797   0.05539    0.0291  0.003857
   103/299     8.78G   0.01925  0.005975  0.000129   0.02536        52       640    0.8775    0.9125    0.9177    0.4705   0.05532   0.02908  0.003776
   104/299     8.78G   0.01878  0.005907 9.469e-05   0.02478        23       640    0.9151    0.8606    0.9259    0.4822   0.05606   0.02874  0.003737
   105/299     8.78G   0.01846  0.005751 0.0001915    0.0244        39       640      0.92    0.8782    0.9216    0.4944   0.05704   0.02771  0.003736
   106/299     8.78G   0.01882  0.006113 0.0001415   0.02507        21       640    0.9648    0.8528    0.9259    0.5022    0.0566   0.02834  0.004075
   107/299     8.78G   0.01728  0.005371 0.0001767   0.02283        25       640    0.9674    0.8473    0.9172    0.4842   0.05613   0.02837  0.004173
   108/299     8.78G   0.01726  0.005662 0.0001261   0.02305        68       640    0.9544     0.839    0.9147    0.4702   0.05666   0.02824  0.004121
   109/299     8.78G   0.01795  0.005581 0.0001281   0.02366        26       640    0.9167    0.8696    0.9047    0.4783   0.05714   0.02839    0.0042
   110/299     8.78G   0.01811   0.00581  0.000154   0.02408        18       640    0.9373     0.855    0.9005    0.4701   0.05662   0.02844   0.00398
   111/299     8.78G   0.01749  0.005649  0.000122   0.02326        17       640    0.9407    0.8717    0.9093    0.4779   0.05803   0.02766  0.003855
   112/299     8.78G   0.01786  0.005909 0.0001254    0.0239        30       640    0.9457    0.8455    0.9018     0.464   0.05855   0.02749  0.003809
   113/299     8.78G   0.01718  0.005334 0.0001666   0.02268        26       640     0.957    0.8513    0.9085    0.4687   0.05716   0.02792  0.004104
   114/299     8.78G   0.01733  0.005359   0.00014   0.02283        26       640    0.9542    0.8543    0.9117    0.4898   0.05707   0.02784  0.003689
   115/299     8.78G   0.01657  0.005546 0.0001082   0.02222        21       640    0.9547    0.8611    0.9118    0.4892   0.05762   0.02754  0.003765
   116/299     8.78G   0.01657  0.005792 0.0001388    0.0225        32       640    0.9134    0.8717    0.9116    0.4758   0.05945   0.02691  0.003868
   117/299     8.78G   0.01773  0.005823 0.0001285   0.02368        37       640    0.8986    0.8825    0.8984     0.477   0.05749    0.0279  0.004033
   118/299     8.78G    0.0169  0.005754 0.0001186   0.02277        42       640    0.9018    0.8825    0.8871    0.4707   0.05674   0.02872  0.004229
   119/299     8.78G   0.01655  0.005674 0.0001187   0.02234        29       640    0.9019    0.8834    0.8946    0.4833   0.05743    0.0282  0.004019
   120/299     8.78G   0.01663  0.005192 9.166e-05   0.02191        12       640    0.9086     0.869    0.8894    0.4604   0.05668   0.02864    0.0041
   121/299     8.78G   0.01688  0.005748 0.0001436   0.02277        31       640    0.8826    0.8836    0.8945    0.4645   0.05706   0.02874    0.0044
   122/299     8.78G    0.0166  0.005581 0.0001564   0.02234        61       640    0.8609    0.8741    0.8921    0.4529   0.05707   0.02897  0.004631
   123/299     8.78G   0.01594  0.005566 0.0001256   0.02163        36       640    0.8979     0.866    0.8917    0.4781   0.05661   0.02865  0.004353
   124/299     8.78G   0.01717  0.005621 0.0001565   0.02295        17       640    0.9154    0.8578    0.8903    0.4695   0.05748   0.02903  0.004674
   125/299     8.78G   0.01558  0.005198 9.861e-05   0.02087        28       640    0.9201    0.8538    0.8942    0.4621   0.05643   0.02941  0.004573
   126/299     8.78G   0.01808  0.005983 8.886e-05   0.02415        19       640     0.918    0.8856    0.9055    0.4718   0.05741   0.02991  0.004588
   127/299     8.78G   0.01732   0.00539 0.0001565   0.02286        51       640    0.9011     0.877     0.901     0.479   0.05714   0.02946  0.004519
   128/299     8.78G   0.01661  0.005431 0.0001346   0.02218        23       640    0.9059     0.869    0.8932    0.4839   0.05631   0.02886  0.004229
   129/299     8.78G   0.01512  0.005442 0.0001026   0.02066        50       640    0.9064    0.8741    0.8966    0.4608   0.05651   0.02825  0.004045
   130/299     8.78G   0.01584  0.006072 0.0001596   0.02207        22       640    0.9031    0.8605    0.8866    0.4525   0.05647   0.02824  0.004231
   131/299     8.78G   0.01634  0.005488 0.0001275   0.02195        52       640    0.9191    0.8579    0.8932    0.4569   0.05533   0.02954  0.004222
   132/299     8.78G   0.01498  0.005466 0.0001757   0.02062        40       640    0.9082    0.8499    0.8987    0.4659   0.05386   0.03115  0.004407
   133/299     8.78G   0.01591  0.005271 0.0001387   0.02132        12       640    0.9257    0.8444    0.9079     0.466   0.05521   0.03128  0.004463
   134/299     8.78G   0.01566  0.004999 0.0001607   0.02081        22       640    0.9116    0.8771     0.902     0.471   0.05292    0.0318   0.00432
   135/299     8.78G   0.01517   0.00543 0.0001239   0.02073        53       640    0.8872    0.8823    0.9009     0.473   0.05281   0.03152   0.00409
   136/299     8.78G   0.01511  0.005124 0.0001362   0.02037        38       640    0.8995    0.8798    0.9135    0.4921   0.05242   0.03222  0.004079
   137/299     8.78G   0.01504  0.005269 0.0001106   0.02042        13       640    0.9302    0.8767    0.9033    0.4855   0.05296   0.03192  0.004011
   138/299     8.78G   0.01503   0.00545 0.0001136   0.02059        33       640    0.9058    0.8797    0.9074    0.4836   0.05287   0.03189   0.00397
   139/299     8.78G   0.01468  0.005719 8.286e-05   0.02048        26       640    0.9226    0.8744    0.9046    0.4838   0.05285   0.03179  0.004071
   140/299     8.78G   0.01409  0.005285 9.332e-05   0.01947        58       640    0.8864    0.8879    0.8958    0.4831   0.05261   0.03209  0.003863
   141/299     8.78G   0.01386  0.004727 9.254e-05   0.01868        14       640    0.9172    0.8768    0.8992    0.4751   0.05319   0.03171  0.003925
   142/299     8.78G   0.01487  0.005169 0.0001064   0.02015        26       640    0.9291    0.8498    0.8997    0.4715    0.0535   0.03151  0.003804
   143/299     8.78G   0.01498  0.005013 0.0001245   0.02012        62       640    0.9489    0.8443     0.897    0.4728   0.05302   0.03189  0.003766
   144/299     8.78G    0.0156   0.00534 0.0001332   0.02107        84       640    0.9096    0.8474    0.8975    0.4609   0.05323   0.03273  0.003911
   145/299     8.78G   0.01555  0.004661 0.0001731   0.02038        35       640    0.8983    0.8787    0.9048    0.4663   0.05273   0.03256  0.003813
   146/299     8.78G   0.01412   0.00519 9.173e-05    0.0194         9       640    0.9325    0.8794    0.9095     0.454   0.05335   0.03234   0.00376
   147/299     8.78G    0.0149  0.005202 0.0001129   0.02021        17       640     0.925    0.9089    0.9044    0.4553   0.05304   0.03242  0.003725
   148/299     8.78G   0.01401  0.005736 0.0001698   0.01991        25       640    0.9145    0.9016    0.9059    0.4736   0.05334   0.03207  0.003691
   149/299     8.78G   0.01373  0.005169 0.0001267   0.01903        15       640     0.919    0.9044    0.9064    0.4871   0.05254   0.03201  0.003744
   150/299     8.78G   0.01373  0.004951 0.0001052   0.01879        27       640    0.9462    0.9024    0.9094    0.4806   0.05256   0.03202  0.003779
   151/299     8.78G   0.01388    0.0048 0.0001195    0.0188        40       640    0.9487     0.901    0.9138    0.4805   0.05277   0.03234  0.003689
   152/299     8.78G   0.01401  0.005139 8.478e-05   0.01923        31       640    0.9212    0.9017    0.9095    0.4797   0.05254    0.0323   0.00381
   153/299     8.78G   0.01438  0.005414 8.787e-05   0.01988        18       640    0.9125    0.9045    0.9089    0.4784   0.05341   0.03202  0.003861
   154/299     8.78G   0.01462  0.005238 0.0001041   0.01996        47       640    0.9235    0.9071    0.9091    0.4786   0.05298   0.03195  0.003791
   155/299     8.78G   0.01293  0.004862 9.028e-05   0.01788        37       640    0.9218    0.9072    0.9091    0.4625   0.05355   0.03164  0.003683
   156/299     8.78G   0.01316   0.00529 7.678e-05   0.01853        76       640    0.9343    0.8744    0.9053    0.4752   0.05296   0.03243  0.003611
   157/299     8.78G   0.01371  0.004713 7.769e-05    0.0185        17       640    0.8971    0.9072     0.903    0.4711   0.05273   0.03315  0.003549
   158/299     8.78G   0.01404  0.005254 9.578e-05   0.01939        42       640    0.9273    0.9063    0.9029    0.4656   0.05254   0.03319    0.0036
   159/299     8.78G   0.01368  0.005041 9.659e-05   0.01882        28       640    0.9084    0.9045    0.9008    0.4706   0.05322   0.03293  0.003559
   160/299     8.78G   0.01355  0.004777  8.87e-05   0.01841        10       640     0.916    0.9043    0.9052     0.471    0.0535   0.03293  0.003592
   161/299     8.78G   0.01322  0.004761  0.000104   0.01809        22       640    0.8834    0.9065    0.9015    0.4667   0.05345   0.03325  0.003584
   162/299     8.78G   0.01328  0.004572 9.654e-05   0.01795        16       640    0.8713    0.9096    0.9041    0.4645   0.05328   0.03328  0.003568
   163/299     8.78G   0.01358  0.005221 6.571e-05   0.01887        17       640    0.9202    0.8812    0.9095     0.479   0.05345    0.0331  0.003636
   164/299     8.78G   0.01239  0.004616 8.745e-05    0.0171        18       640    0.9177    0.8852    0.9091    0.4742   0.05419   0.03218  0.003541
   165/299     8.78G   0.01199  0.004569 9.369e-05   0.01665        37       640    0.9225    0.8781    0.9058     0.482    0.0536   0.03278  0.003541
   166/299     8.78G   0.01327  0.004798 8.434e-05   0.01815        13       640    0.9261    0.8771    0.9062    0.4778   0.05427   0.03306  0.003552
   167/299     8.78G   0.01273  0.004727 9.058e-05   0.01754        22       640     0.914    0.8852    0.9029    0.4693   0.05488   0.03333  0.003686
   168/299     8.78G   0.01334  0.005019 9.427e-05   0.01846        14       640    0.9182    0.8852    0.9026    0.4673   0.05432   0.03362  0.003773
   169/299     8.78G   0.01354  0.004473 9.831e-05   0.01811        29       640    0.9222    0.8773    0.9023    0.4639   0.05442   0.03329  0.003795
   170/299     8.78G   0.01293  0.004726 0.0001175   0.01777        27       640    0.9188    0.8606    0.9037    0.4671   0.05487   0.03283  0.003786
   171/299     8.78G   0.01125  0.004407 9.171e-05   0.01575        15       640    0.8848    0.9124    0.9066    0.4648   0.05448   0.03235  0.003793
   172/299     8.78G   0.01138  0.004454 9.595e-05   0.01593        32       640    0.9217    0.8606    0.9111    0.4876   0.05454   0.03226  0.003786
   173/299     8.78G   0.01273  0.004528 9.829e-05   0.01735         9       640    0.9055    0.9072    0.9103    0.4848   0.05382   0.03217  0.003678
   174/299     8.78G   0.01301  0.004845   9.1e-05   0.01794        22       640    0.9225    0.8606    0.9009    0.4788   0.05388   0.03269  0.003711
   175/299     8.78G   0.01221  0.004647 7.566e-05   0.01693        29       640    0.9217    0.8798    0.9017    0.4793    0.0539   0.03265  0.003591
   176/299     8.78G   0.01266  0.004979  6.88e-05   0.01771        37       640    0.9231    0.8798    0.9008    0.4811   0.05396   0.03296  0.003552
   177/299     8.78G   0.01261  0.004919 7.328e-05    0.0176        15       640    0.9275    0.8773    0.8975    0.4806   0.05386   0.03333  0.003527
   178/299     8.78G   0.01092  0.003987 6.643e-05   0.01497        14       640    0.9012    0.8852    0.8994    0.4802   0.05402   0.03329  0.003493
   179/299     8.78G   0.01133  0.004805 8.672e-05   0.01622        22       640    0.9285    0.8551    0.9021    0.4842   0.05384   0.03315  0.003583
   180/299     8.78G     0.011  0.004467 0.0001079   0.01557        22       640    0.9248    0.8552    0.9044     0.479   0.05438     0.033   0.00363
   181/299     8.78G   0.01194  0.004492 6.686e-05    0.0165        34       640    0.9253    0.8524    0.8986    0.4846   0.05385   0.03338  0.003641
   182/299     8.78G   0.01229  0.004511 0.0001165   0.01692        12       640     0.922    0.8579    0.8953    0.4783   0.05444   0.03362   0.00369
   183/299     8.78G   0.01148  0.004353 0.0001258   0.01596        23       640    0.9214    0.8525    0.8978    0.4763   0.05401   0.03391  0.003753
   184/299     8.78G     0.011  0.004375 6.767e-05   0.01544        21       640    0.9223    0.8471    0.9008    0.4718   0.05405   0.03368  0.003785
   185/299     8.78G   0.01163  0.004384 7.399e-05   0.01608        18       640    0.9211    0.8552    0.9109    0.4707   0.05416   0.03391  0.003783
   186/299     8.78G   0.01142  0.004699 5.789e-05   0.01617        31       640    0.9192    0.8771    0.9052    0.4757   0.05463   0.03389  0.003843
   187/299     8.78G   0.01176  0.004478 0.0001139   0.01636        20       640    0.9082     0.899    0.9093    0.4806   0.05522   0.03381   0.00384
   188/299     8.78G   0.01056  0.004129 5.844e-05   0.01474        18       640    0.9233    0.8991    0.9106    0.4842   0.05522   0.03335  0.003748
   189/299     8.78G   0.01106   0.00467 0.0001227   0.01586         9       640    0.9176    0.8825    0.9126    0.4881   0.05567   0.03288  0.003932
   190/299     8.78G    0.0118  0.004582 8.871e-05   0.01647        38       640    0.9195    0.8825     0.911    0.4904   0.05609    0.0329   0.00402
   191/299     8.78G   0.01117  0.005111 8.322e-05   0.01637        31       640    0.9221    0.8753    0.9118     0.479   0.05615   0.03247  0.004001
   192/299     8.78G   0.01103  0.004427 7.952e-05   0.01554        37       640    0.9462    0.8531    0.9056    0.4864   0.05528   0.03243  0.003897
   193/299     8.78G   0.01009  0.004284 7.353e-05   0.01445        51       640    0.9255    0.8544    0.9043    0.4867   0.05544   0.03215  0.003859
   194/299     8.78G   0.01058  0.004239 6.368e-05   0.01488        22       640    0.9328    0.8496    0.9002    0.4848   0.05492   0.03247  0.003843
   195/299     8.78G   0.01017  0.004257 6.355e-05   0.01449        21       640    0.9379     0.839    0.9006    0.4789   0.05478   0.03298  0.003956
   196/299     8.78G  0.009816  0.004083 7.622e-05   0.01398        10       640    0.9269    0.8444    0.8963    0.4778   0.05492   0.03312  0.003907
   197/299     8.78G   0.01029  0.004247 0.0001114   0.01465        46       640    0.9007    0.8798    0.8999    0.4641   0.05423   0.03325  0.003858
   198/299     8.78G   0.01035  0.004482 5.679e-05   0.01489        35       640    0.8948    0.8825     0.901    0.4769   0.05436   0.03328  0.003771
   199/299     8.78G   0.01051  0.004234 8.431e-05   0.01483        15       640    0.9142    0.8498    0.8982     0.479   0.05498   0.03336  0.003775
   200/299     8.78G   0.01106  0.004381 6.611e-05   0.01551        19       640    0.9036    0.8552    0.8969    0.4821   0.05594   0.03325  0.003808
   201/299     8.78G   0.01065  0.004377 7.326e-05    0.0151        43       640    0.9331    0.8463    0.9001    0.4801   0.05569   0.03325  0.003855
   202/299     8.78G   0.01058   0.00445 7.008e-05    0.0151        39       640    0.9201    0.8523     0.901    0.4915   0.05603   0.03305  0.003917
   203/299     8.78G  0.009514   0.00439 7.912e-05   0.01398        31       640    0.8986     0.877    0.8902    0.4834   0.05607   0.03312  0.003937
   204/299     8.78G  0.009379  0.004173 5.835e-05   0.01361        16       640    0.8945    0.8853    0.8861    0.4766   0.05628   0.03326  0.003994
   205/299     8.78G  0.009408  0.004199  6.08e-05   0.01367        26       640    0.9292    0.8363     0.882    0.4695   0.05646   0.03348  0.003924
   206/299     8.78G  0.009784  0.004324  6.11e-05   0.01417        91       640     0.931    0.8417    0.8885    0.4702   0.05645   0.03373  0.003961
   207/299     8.78G   0.01009  0.004159 4.934e-05    0.0143        21       640     0.933    0.8443    0.8878     0.472   0.05639    0.0338  0.004088
   208/299     8.78G   0.01023  0.004344  6.23e-05   0.01464        40       640    0.9212    0.8552    0.8951    0.4706   0.05685   0.03358  0.004119
   209/299     8.78G  0.009543   0.00404 8.427e-05   0.01367        21       640    0.9254    0.8524      0.89    0.4719   0.05658   0.03349  0.004031
   210/299     8.78G  0.009857  0.004089 6.323e-05   0.01401        25       640    0.9324    0.8443    0.8913    0.4724   0.05612   0.03358  0.003905
   211/299     8.78G  0.009261  0.004134  7.52e-05   0.01347        73       640    0.9335    0.8417    0.8908    0.4757    0.0563   0.03366  0.003816
   212/299     8.78G  0.009174  0.004163 6.434e-05    0.0134        12       640    0.8993    0.8818    0.8971    0.4808   0.05632    0.0338   0.00374
   213/299     8.78G  0.009193  0.003919 8.337e-05    0.0132        22       640    0.8969    0.8815    0.8976    0.4793    0.0558    0.0339  0.003677
   214/299     8.78G   0.00898  0.004033 9.131e-05    0.0131        19       640    0.8943    0.8819    0.8909     0.485   0.05571   0.03417  0.003717
   215/299     8.78G  0.009784  0.003791 6.703e-05   0.01364        13       640    0.9253    0.8552    0.8923    0.4791   0.05625    0.0344  0.003813
   216/299     8.78G  0.009683  0.003975 6.299e-05   0.01372        46       640    0.9259    0.8579    0.8892    0.4752   0.05664   0.03441  0.003928
   217/299     8.78G  0.009068  0.003892 8.928e-05   0.01305        50       640    0.9224    0.8606    0.8909    0.4663   0.05636   0.03433  0.003944
   218/299     8.78G  0.009059  0.003937 6.776e-05   0.01306        31       640    0.9583    0.8346    0.8929    0.4762   0.05591   0.03416  0.003823
   219/299     8.78G   0.00884  0.004028 8.044e-05   0.01295        31       640    0.9102     0.866    0.8929    0.4765   0.05585   0.03387  0.003756
   220/299     8.78G  0.009417  0.004168 6.501e-05   0.01365        33       640     0.908    0.8714     0.897     0.472   0.05603   0.03393  0.003701
   221/299     8.78G   0.00904   0.00419  5.37e-05   0.01328        33       640    0.9285    0.8498    0.9035     0.485   0.05628    0.0339  0.003743
   222/299     8.78G  0.009154  0.003783 5.839e-05     0.013        35       640    0.9065     0.866     0.904    0.4728   0.05634   0.03401  0.003776
   223/299     8.78G  0.008774  0.003816 5.792e-05   0.01265        28       640    0.9003     0.866    0.9031    0.4793   0.05609   0.03419  0.003787
   224/299     8.78G  0.008718  0.003946 9.751e-05   0.01276        31       640    0.9351     0.839    0.8916    0.4706   0.05593    0.0342  0.003771
   225/299     8.78G  0.008878  0.003984 7.861e-05   0.01294        47       640    0.9405     0.836    0.8946    0.4746    0.0561   0.03413  0.003752
   226/299     8.78G  0.008689  0.003905 8.699e-05   0.01268        14       640    0.9411    0.8417    0.8994    0.4812   0.05631   0.03419  0.003779
   227/299     8.78G  0.009017  0.004272 7.798e-05   0.01337        42       640    0.9439    0.8417    0.8948    0.4713   0.05633   0.03443  0.003845
   228/299     8.78G  0.008466  0.003846 6.993e-05   0.01238        23       640    0.9383    0.8444    0.8965    0.4717   0.05624   0.03446   0.00381
   229/299     8.78G  0.008508  0.003695 6.591e-05   0.01227        17       640    0.9446    0.8417    0.9022    0.4805   0.05652   0.03437  0.003841
   230/299     8.78G   0.00867   0.00384 8.158e-05   0.01259        29       640    0.9421    0.8444    0.9011    0.4836   0.05637   0.03425  0.003879
   231/299     8.78G  0.008104  0.003832  0.000111   0.01205        36       640    0.9437    0.8387    0.9033    0.4955   0.05593   0.03431  0.003897
   232/299     8.78G  0.008736  0.003403 9.392e-05   0.01223        29       640    0.9369    0.8361    0.9044    0.4882   0.05586   0.03442  0.003931
   233/299     8.78G  0.008071  0.003943  6.12e-05   0.01207        38       640    0.9355    0.8359     0.905    0.4816   0.05576   0.03466   0.00395
   234/299     8.78G  0.008087  0.003935 6.194e-05   0.01208        25       640    0.9283    0.8417    0.9064    0.4783   0.05555   0.03468  0.003956
   235/299     8.78G  0.008331  0.003586 4.911e-05   0.01197         9       640    0.9341    0.8417    0.9048    0.4849   0.05579   0.03453  0.004024
   236/299     8.78G  0.008132  0.004063 6.065e-05   0.01226        32       640    0.9276    0.8439    0.8965    0.4812   0.05575   0.03461  0.004035
   237/299     8.78G  0.008109  0.003619 7.758e-05   0.01181        10       640    0.9251    0.8482    0.8913    0.4837   0.05589   0.03485  0.004097
   238/299     8.78G  0.008108  0.003482 4.933e-05   0.01164        30       640    0.9234    0.8525    0.8892    0.4799   0.05599   0.03511  0.004149
   239/299     8.78G   0.00851  0.004059 5.992e-05   0.01263        28       640    0.9209    0.8524    0.8866    0.4779   0.05606   0.03519  0.004147
   240/299     8.78G  0.008364   0.00371 8.125e-05   0.01216        29       640    0.9221    0.8525    0.8894    0.4846   0.05635   0.03523  0.004146
   241/299     8.78G  0.008258  0.003996 5.845e-05   0.01231        45       640    0.9204    0.8525    0.8894    0.4924   0.05657   0.03502  0.004124
   242/299     8.78G  0.007719  0.003551 5.536e-05   0.01133        48       640    0.9155    0.8605    0.8974    0.5007   0.05634   0.03484  0.004065
   243/299     8.78G  0.007935  0.003687 4.756e-05   0.01167        26       640    0.9169    0.8633    0.9002    0.4916   0.05638   0.03479  0.004065
   244/299     8.78G  0.008017  0.003578 8.095e-05   0.01168        21       640    0.9152    0.8633    0.9019     0.497   0.05647   0.03499  0.004153
   245/299     8.78G  0.007792  0.003714 6.278e-05   0.01157        33       640    0.9219    0.8579    0.9042    0.4854   0.05596   0.03513  0.004089
   246/299     8.78G  0.008097  0.004066  8.12e-05   0.01224         6       640    0.9283    0.8497    0.9005    0.4839   0.05588     0.035  0.004055
   247/299     8.78G  0.007917  0.003681 8.627e-05   0.01169        18       640    0.9272    0.8498    0.9002     0.487   0.05578   0.03503  0.003979
   248/299     8.78G  0.008069  0.003717 5.228e-05   0.01184        12       640    0.9282    0.8469    0.9002    0.4793   0.05543    0.0352  0.003843
   249/299     8.78G  0.008052  0.003604 9.195e-05   0.01175        18       640    0.9303    0.8471    0.9018    0.4833   0.05545   0.03518  0.003785
   250/299     8.78G   0.00743  0.003912 5.899e-05    0.0114        33       640    0.8926     0.889    0.9023    0.4833   0.05558   0.03521   0.00385
   251/299     8.78G  0.008074   0.00405 0.0001022   0.01223        48       640    0.9059    0.8767    0.9032    0.4795   0.05566    0.0352   0.00387
   252/299     8.78G   0.00767  0.003533 9.594e-05    0.0113        28       640    0.9088    0.8807    0.9043    0.4694   0.05629   0.03513  0.003839
   253/299     8.78G  0.007919   0.00361 5.427e-05   0.01158        33       640    0.9093     0.885    0.9028    0.4807   0.05635   0.03511  0.003855
   254/299     8.78G  0.007726  0.003625 6.132e-05   0.01141        30       640    0.9018    0.8849    0.9026    0.4831   0.05641   0.03514  0.003913
   255/299     8.78G  0.007687  0.003646 4.555e-05   0.01138        40       640    0.9251    0.8471    0.9012    0.4804   0.05654    0.0351   0.00394
   256/299     8.78G  0.007767  0.003544 5.184e-05   0.01136        26       640    0.9065     0.866    0.9048     0.482   0.05663   0.03478  0.003934
   257/299     8.78G  0.007505  0.003548 6.363e-05   0.01112        42       640    0.9091    0.8687    0.9042    0.4874   0.05679   0.03458   0.00396
   258/299     8.78G  0.007667  0.003646 7.574e-05   0.01139        19       640    0.9018    0.8687    0.8961    0.4806   0.05706   0.03461  0.003998
   259/299     8.78G  0.007631  0.003472 9.069e-05   0.01119        15       640    0.9032     0.866    0.9002    0.4846   0.05715   0.03459   0.00403
   260/299     8.78G  0.007629  0.003771 4.497e-05   0.01144        29       640    0.9062    0.8606     0.901    0.4854   0.05695   0.03454  0.004024
   261/299     8.78G  0.007465  0.003341 4.582e-05   0.01085        33       640     0.915    0.8552    0.9025    0.4857   0.05698   0.03461  0.003998
   262/299     8.78G  0.007746  0.003735 4.118e-05   0.01152       113       640    0.9104    0.8552    0.9032    0.4905   0.05722   0.03471  0.004034
   263/299     8.78G  0.007622  0.003468 4.473e-05   0.01113        30       640    0.9256    0.8444    0.9011    0.4893   0.05747   0.03477   0.00408
   264/299     8.78G   0.00753  0.003644 5.608e-05   0.01123        10       640    0.9276    0.8451    0.9019    0.4889   0.05729   0.03468  0.004071
   265/299     8.78G  0.007863  0.003963   6.6e-05   0.01189        59       640    0.9261    0.8524    0.9054    0.4868   0.05718   0.03451  0.004082
   266/299     8.78G  0.007251  0.003092 4.784e-05   0.01039        10       640    0.9247    0.8523    0.9057      0.49   0.05695   0.03437  0.004034
   267/299     8.78G  0.007155  0.003194 5.652e-05   0.01041        29       640    0.9347    0.8443    0.9075    0.4792   0.05698   0.03445  0.003977
   268/299     8.78G  0.007484  0.003339 5.967e-05   0.01088        31       640    0.8967    0.8879    0.9081    0.4847   0.05705   0.03461  0.003962
   269/299     8.78G  0.007269  0.003372 5.281e-05   0.01069        16       640    0.8994    0.8816     0.903    0.4805   0.05703    0.0347  0.003944
   270/299     8.78G  0.007558  0.003634 5.652e-05   0.01125        69       640    0.9057    0.8852    0.9054    0.4793   0.05689    0.0347  0.003918
   271/299     8.78G  0.007359  0.003176 5.196e-05   0.01059        10       640    0.9021    0.8845    0.9052    0.4801   0.05684   0.03454  0.003876
   272/299     8.78G  0.007396  0.003437 6.007e-05   0.01089        20       640    0.9043     0.886    0.9094    0.4895   0.05662   0.03459  0.003853
   273/299     8.78G  0.007173  0.003462  0.000115   0.01075        35       640    0.8738     0.893    0.9061    0.4958   0.05641   0.03476  0.003819
   274/299     8.78G  0.007659  0.003786 6.221e-05   0.01151       105       640    0.9018    0.8849    0.9061    0.4892   0.05643   0.03484   0.00381
   275/299     8.78G  0.007462  0.003392 5.743e-05   0.01091        33       640    0.8997    0.8874    0.9061    0.4895    0.0566    0.0348  0.003863
   276/299     8.78G  0.007168  0.003326  7.66e-05   0.01057        14       640    0.8462    0.9202    0.9048    0.4886   0.05659   0.03477  0.003881
   277/299     8.78G  0.007161  0.003346 5.251e-05   0.01056        27       640    0.9007    0.8579    0.9011     0.487    0.0565   0.03504  0.003918
   278/299     8.78G  0.007198  0.003423 6.249e-05   0.01068        34       640    0.9177    0.8417    0.8994     0.494   0.05641   0.03513  0.003909
   279/299     8.78G  0.007391  0.003569 4.246e-05     0.011        40       640    0.9292     0.839    0.9007    0.4867   0.05645   0.03523  0.003869
   280/299     8.78G  0.007702  0.003618 7.521e-05    0.0114        18       640     0.921    0.8443    0.9007    0.4898   0.05661   0.03502  0.003828
   281/299     8.78G  0.007184  0.003509 3.725e-05   0.01073        33       640    0.9208    0.8416    0.8972    0.4841   0.05688   0.03494  0.003829
   282/299     8.78G  0.007504  0.003777  4.96e-05   0.01133        30       640    0.9262    0.8362    0.8989    0.4821   0.05686     0.035  0.003797
   283/299     8.78G  0.007379  0.003426 5.753e-05   0.01086        19       640    0.9343    0.8335    0.8983    0.4787   0.05684     0.035  0.003789
   284/299     8.78G  0.007116  0.003634 4.593e-05    0.0108        21       640    0.9327    0.8336       0.9    0.4801   0.05691   0.03504  0.003802
   285/299     8.78G  0.007288   0.00339 8.177e-05   0.01076        34       640    0.8651     0.897    0.9001    0.4893   0.05685   0.03521  0.003792
   286/299     8.78G  0.006944  0.003319 6.311e-05   0.01033        15       640    0.9378    0.8274    0.8987    0.4879   0.05683   0.03525  0.003728
   287/299     8.78G  0.007464   0.00391 5.943e-05   0.01143        39       640    0.9309    0.8336    0.8996     0.483    0.0568   0.03515  0.003689
   288/299     8.78G  0.007207  0.003679     5e-05   0.01094        23       640    0.9149    0.8498    0.9017    0.4921   0.05665   0.03503  0.003685
   289/299     8.78G  0.007422  0.003068 8.356e-05   0.01057        12       640    0.9277    0.8361    0.9032    0.4911   0.05669   0.03508  0.003708
   290/299     8.78G  0.007487  0.003326 6.025e-05   0.01087        12       640     0.927    0.8365    0.9033    0.4818   0.05686   0.03522  0.003716
   291/299     8.78G  0.006944  0.003201 3.624e-05   0.01018        16       640    0.9277    0.8362    0.9038    0.4898   0.05692   0.03508  0.003713
   292/299     8.78G  0.007167   0.00363 5.857e-05   0.01085        22       640    0.9299     0.836    0.9023    0.4878   0.05685   0.03495  0.003711
   293/299     8.78G  0.007031  0.003556 0.0001171    0.0107        18       640    0.9244    0.8367    0.9003    0.4821   0.05701   0.03484  0.003784
   294/299     8.78G  0.007546  0.004125 4.016e-05   0.01171         7       640    0.9245    0.8378    0.9017    0.4854   0.05704   0.03474  0.003764
   295/299     8.78G  0.007446  0.003548 6.911e-05   0.01106        27       640     0.924     0.839    0.9012    0.4833   0.05689   0.03473  0.003733
   296/299     8.78G  0.006994  0.003468 4.042e-05    0.0105        23       640    0.9268     0.839    0.8987    0.4858    0.0568   0.03457  0.003695
   297/299     8.78G  0.007176  0.003497 4.732e-05   0.01072       122       640    0.9273    0.8411    0.8984    0.4862   0.05686   0.03459  0.003701
   298/299     8.78G    0.0069  0.003525 5.053e-05   0.01048        38       640    0.9274    0.8425    0.9006    0.4856   0.05696   0.03465  0.003671
   299/299     8.78G  0.007332   0.00365 5.149e-05   0.01103        27       640    0.9275     0.843    0.9002    0.4838   0.05701   0.03457  0.003632
